trip_id,arrival_time,departure_time,stop_id,stop_sequence,pickup_type,drop_off_type
22510004000001,4:25:00,4:25:00,740012548,18,0,0
22510004000003,4:55:00,4:55:00,740012548,18,0,0
22510004000501,4:25:00,4:25:00,740012548,18,0,0
22510004000503,5:25:00,5:25:00,740012548,18,0,0
22510004000701,4:25:00,4:25:00,740012548,18,0,0
22510004000703,5:25:00,5:25:00,740012548,18,0,0
22510004000025,7:54:00,7:54:00,740012548,9,0,0
22510004000029,8:04:00,8:04:00,740012548,9,0,0
22510004000033,8:14:00,8:14:00,740012548,9,0,0
22510004000037,8:22:00,8:22:00,740012548,9,0,0
22510004000041,8:32:00,8:32:00,740012548,9,0,0
22510004000045,8:42:00,8:42:00,740012548,9,0,0
22510004000049,8:52:00,8:52:00,740012548,9,0,0
22510004000053,9:02:00,9:02:00,740012548,9,0,0
22510004000057,9:12:00,9:12:00,740012548,9,0,0
22510004000061,9:22:00,9:22:00,740012548,9,0,0
22510004000065,9:32:00,9:32:00,740012548,9,0,0
22510004000069,9:42:00,9:42:00,740012548,9,0,0
22510004000073,9:52:00,9:52:00,740012548,9,0,0
22510004000077,10:02:00,10:02:00,740012548,9,0,0
22510004000227,0:26:00,0:26:00,740012548,18,0,0
22510004000231,0:56:00,0:56:00,740012548,18,0,0
22510004000235,1:37:00,1:37:00,740012548,18,0,0
22510004000239,2:41:00,2:41:00,740012548,18,0,0
22510004000191,19:26:00,19:26:00,740012548,18,0,0
22510004000193,19:41:00,19:41:00,740012548,18,0,0
22510004000195,19:56:00,19:56:00,740012548,18,0,0
22510004000197,20:11:00,20:11:00,740012548,18,0,0
22510004000199,20:26:00,20:26:00,740012548,18,0,0
22510004000201,20:41:00,20:41:00,740012548,18,0,0
22510004000203,20:56:00,20:56:00,740012548,18,0,0
22510004000205,21:11:00,21:11:00,740012548,18,0,0
22510004000207,21:26:00,21:26:00,740012548,18,0,0
22510004000209,21:41:00,21:41:00,740012548,18,0,0
22510004000211,21:56:00,21:56:00,740012548,18,0,0
22510004000213,22:11:00,22:11:00,740012548,18,0,0
22510004000215,22:26:00,22:26:00,740012548,18,0,0
22510004000217,22:51:00,22:51:00,740012548,18,0,0
22510004000219,23:06:00,23:06:00,740012548,18,0,0
22510004000221,23:26:00,23:26:00,740012548,18,0,0
22510004000223,23:51:00,23:51:00,740012548,18,0,0
22510004000225,24:06:00,24:06:00,740012548,18,0,0
22510004000505,5:55:00,5:55:00,740012548,18,0,0
22510004000507,6:25:00,6:25:00,740012548,18,0,0
22510004000509,6:55:00,6:55:00,740012548,18,0,0
22510004000511,7:25:00,7:25:00,740012548,18,0,0
22510004000513,7:55:00,7:55:00,740012548,18,0,0
22510004000515,8:25:00,8:25:00,740012548,18,0,0
22510004000705,5:55:00,5:55:00,740012548,18,0,0
22510004000707,6:25:00,6:25:00,740012548,18,0,0
22510004000709,6:55:00,6:55:00,740012548,18,0,0
22510004000711,7:25:00,7:25:00,740012548,18,0,0
22510004000713,7:55:00,7:55:00,740012548,18,0,0
22510004000715,8:25:00,8:25:00,740012548,18,0,0
22510004000517,8:55:00,8:55:00,740012548,18,0,0
22510004000717,8:55:00,8:55:00,740012548,18,0,0
22510004000519,9:26:00,9:26:00,740012548,18,0,0
22510004000521,9:56:00,9:56:00,740012548,18,0,0
22510004000523,10:22:00,10:22:00,740012548,18,0,0
22510004000525,10:42:00,10:42:00,740012548,18,0,0
22510004000527,11:02:00,11:02:00,740012548,18,0,0
22510004000719,9:26:00,9:26:00,740012548,18,0,0
22510004000721,9:56:00,9:56:00,740012548,18,0,0
22510004000723,10:22:00,10:22:00,740012548,18,0,0
22510004000725,10:42:00,10:42:00,740012548,18,0,0
22510004000727,11:02:00,11:02:00,740012548,18,0,0
22510004000529,11:23:00,11:23:00,740012548,18,0,0
22510004000531,11:43:00,11:43:00,740012548,18,0,0
22510004000533,12:03:00,12:03:00,740012548,18,0,0
22510004000535,12:23:00,12:23:00,740012548,18,0,0
22510004000537,12:43:00,12:43:00,740012548,18,0,0
22510004000539,13:03:00,13:03:00,740012548,18,0,0
22510004000541,13:23:00,13:23:00,740012548,18,0,0
22510004000543,13:43:00,13:43:00,740012548,18,0,0
22510004000545,14:03:00,14:03:00,740012548,18,0,0
22510004000547,14:23:00,14:23:00,740012548,18,0,0
22510004000549,14:43:00,14:43:00,740012548,18,0,0
22510004000551,15:03:00,15:03:00,740012548,18,0,0
22510004000553,15:23:00,15:23:00,740012548,18,0,0
22510004000555,15:43:00,15:43:00,740012548,18,0,0
22510004000557,16:03:00,16:03:00,740012548,18,0,0
22510004000559,16:23:00,16:23:00,740012548,18,0,0
22510004000561,16:43:00,16:43:00,740012548,18,0,0
22510004000563,17:03:00,17:03:00,740012548,18,0,0
22510004000729,11:23:00,11:23:00,740012548,18,0,0
22510004000731,11:43:00,11:43:00,740012548,18,0,0
22510004000733,12:03:00,12:03:00,740012548,18,0,0
22510004000735,12:23:00,12:23:00,740012548,18,0,0
22510004000737,12:43:00,12:43:00,740012548,18,0,0
22510004000739,13:03:00,13:03:00,740012548,18,0,0
22510004000741,13:23:00,13:23:00,740012548,18,0,0
22510004000743,13:43:00,13:43:00,740012548,18,0,0
22510004000745,14:03:00,14:03:00,740012548,18,0,0
22510004000747,14:23:00,14:23:00,740012548,18,0,0
22510004000749,14:43:00,14:43:00,740012548,18,0,0
22510004000751,15:03:00,15:03:00,740012548,18,0,0
22510004000753,15:23:00,15:23:00,740012548,18,0,0
22510004000755,15:43:00,15:43:00,740012548,18,0,0
22510004000757,16:03:00,16:03:00,740012548,18,0,0
22510004000759,16:23:00,16:23:00,740012548,18,0,0
22510004000761,16:43:00,16:43:00,740012548,18,0,0
22510004000763,17:03:00,17:03:00,740012548,18,0,0
22510004000565,17:22:00,17:22:00,740012548,18,0,0
22510004000567,17:42:00,17:42:00,740012548,18,0,0
22510004000569,18:02:00,18:02:00,740012548,18,0,0
22510004000571,18:22:00,18:22:00,740012548,18,0,0
22510004000573,18:42:00,18:42:00,740012548,18,0,0
22510004000765,17:22:00,17:22:00,740012548,18,0,0
22510004000767,17:42:00,17:42:00,740012548,18,0,0
22510004000769,18:02:00,18:02:00,740012548,18,0,0
22510004000771,18:22:00,18:22:00,740012548,18,0,0
22510004000773,18:42:00,18:42:00,740012548,18,0,0
22510004000575,18:57:00,18:57:00,740012548,18,0,0
22510004000775,18:57:00,18:57:00,740012548,18,0,0
22510004000577,19:18:00,19:18:00,740012548,18,0,0
22510004000777,19:18:00,19:18:00,740012548,18,0,0
22510004000811,0:57:00,0:57:00,740012548,18,0,0
22510004000813,1:37:00,1:37:00,740012548,18,0,0
22510004000815,2:41:00,2:41:00,740012548,18,0,0
22510004000579,19:36:00,19:36:00,740012548,18,0,0
22510004000581,19:56:00,19:56:00,740012548,18,0,0
22510004000583,20:16:00,20:16:00,740012548,18,0,0
22510004000585,20:36:00,20:36:00,740012548,18,0,0
22510004000587,20:56:00,20:56:00,740012548,18,0,0
22510004000589,21:16:00,21:16:00,740012548,18,0,0
22510004000591,21:36:00,21:36:00,740012548,18,0,0
22510004000593,21:56:00,21:56:00,740012548,18,0,0
22510004000595,22:16:00,22:16:00,740012548,18,0,0
22510004000597,22:36:00,22:36:00,740012548,18,0,0
22510004000599,22:56:00,22:56:00,740012548,18,0,0
22510004000601,23:16:00,23:16:00,740012548,18,0,0
22510004000603,23:36:00,23:36:00,740012548,18,0,0
22510004000605,23:56:00,23:56:00,740012548,18,0,0
22510004000607,24:16:00,24:16:00,740012548,18,0,0
22510004000779,19:36:00,19:36:00,740012548,18,0,0
22510004000781,19:56:00,19:56:00,740012548,18,0,0
22510004000783,20:16:00,20:16:00,740012548,18,0,0
22510004000785,20:36:00,20:36:00,740012548,18,0,0
22510004000787,20:56:00,20:56:00,740012548,18,0,0
22510004000789,21:16:00,21:16:00,740012548,18,0,0
22510004000791,21:36:00,21:36:00,740012548,18,0,0
22510004000793,21:56:00,21:56:00,740012548,18,0,0
22510004000795,22:16:00,22:16:00,740012548,18,0,0
22510004000797,22:36:00,22:36:00,740012548,18,0,0
22510004000799,22:56:00,22:56:00,740012548,18,0,0
22510004000801,23:16:00,23:16:00,740012548,18,0,0
22510004000803,23:36:00,23:36:00,740012548,18,0,0
22510004000805,23:56:00,23:56:00,740012548,18,0,0
22510004000807,24:16:00,24:16:00,740012548,18,0,0
22510004000809,0:36:00,0:36:00,740012548,18,0,0
22510004000609,0:36:00,0:36:00,740012548,18,0,0
22510004000611,0:57:00,0:57:00,740012548,18,0,0
22510004000613,1:37:00,1:37:00,740012548,18,0,0
22510004000615,2:41:00,2:41:00,740012548,18,0,0
22510004000101,11:57:00,11:57:00,740012548,18,0,0
22510004000103,12:07:00,12:07:00,740012548,18,0,0
22510004000105,12:17:00,12:17:00,740012548,18,0,0
22510004000107,12:27:00,12:27:00,740012548,18,0,0
22510004000109,12:37:00,12:37:00,740012548,18,0,0
22510004000111,12:47:00,12:47:00,740012548,18,0,0
22510004000113,12:57:00,12:57:00,740012548,18,0,0
22510004000115,13:07:00,13:07:00,740012548,18,0,0
22510004000117,13:17:00,13:17:00,740012548,18,0,0
22510004000119,13:27:00,13:27:00,740012548,18,0,0
22510004000121,13:37:00,13:37:00,740012548,18,0,0
22510004000123,13:47:00,13:47:00,740012548,18,0,0
22510004000125,13:57:00,13:57:00,740012548,18,0,0
22510004000127,14:07:00,14:07:00,740012548,18,0,0
22510004000129,14:17:00,14:17:00,740012548,18,0,0
22510004000131,14:27:00,14:27:00,740012548,18,0,0
22510004000133,14:37:00,14:37:00,740012548,18,0,0
22510004000135,14:47:00,14:47:00,740012548,18,0,0
22510004000137,14:57:00,14:57:00,740012548,18,0,0
22510004000139,15:07:00,15:07:00,740012548,18,0,0
22510004000019,7:27:00,7:27:00,740012548,18,0,0
22510004000021,7:37:00,7:37:00,740012548,18,0,0
22510004000023,7:47:00,7:47:00,740012548,18,0,0
22510004000027,7:57:00,7:57:00,740012548,18,0,0
22510004000031,8:07:00,8:07:00,740012548,18,0,0
22510004000035,8:17:00,8:17:00,740012548,18,0,0
22510004000039,8:27:00,8:27:00,740012548,18,0,0
22510004000043,8:37:00,8:37:00,740012548,18,0,0
22510004000047,8:47:00,8:47:00,740012548,18,0,0
22510004000051,8:57:00,8:57:00,740012548,18,0,0
22510004000055,9:07:00,9:07:00,740012548,18,0,0
22510004000059,9:17:00,9:17:00,740012548,18,0,0
22510004000063,9:27:00,9:27:00,740012548,18,0,0
22510004000067,9:37:00,9:37:00,740012548,18,0,0
22510004000071,9:47:00,9:47:00,740012548,18,0,0
22510004000075,9:58:00,9:58:00,740012548,18,0,0
22510004000079,10:07:00,10:07:00,740012548,18,0,0
22510004000081,10:17:00,10:17:00,740012548,18,0,0
22510004000083,10:27:00,10:27:00,740012548,18,0,0
22510004000085,10:37:00,10:37:00,740012548,18,0,0
22510004000087,10:47:00,10:47:00,740012548,18,0,0
22510004000089,10:57:00,10:57:00,740012548,18,0,0
22510004000091,11:07:00,11:07:00,740012548,18,0,0
22510004000093,11:17:00,11:17:00,740012548,18,0,0
22510004000095,11:27:00,11:27:00,740012548,18,0,0
22510004000097,11:37:00,11:37:00,740012548,18,0,0
22510004000099,11:47:00,11:47:00,740012548,18,0,0
22510004000167,17:27:00,17:27:00,740012548,18,0,0
22510004000169,17:37:00,17:37:00,740012548,18,0,0
22510004000171,17:47:00,17:47:00,740012548,18,0,0
22510004000173,17:57:00,17:57:00,740012548,18,0,0
22510004000175,18:07:00,18:07:00,740012548,18,0,0
22510004000177,18:17:00,18:17:00,740012548,18,0,0
22510004000179,18:27:00,18:27:00,740012548,18,0,0
22510004000181,18:37:00,18:37:00,740012548,18,0,0
22510004000183,18:47:00,18:47:00,740012548,18,0,0
22510004000185,18:57:00,18:57:00,740012548,18,0,0
22510004000187,19:07:00,19:07:00,740012548,18,0,0
22510004000141,15:17:00,15:17:00,740012548,18,0,0
22510004000143,15:27:00,15:27:00,740012548,18,0,0
22510004000145,15:37:00,15:37:00,740012548,18,0,0
22510004000147,15:47:00,15:47:00,740012548,18,0,0
22510004000149,15:57:00,15:57:00,740012548,18,0,0
22510004000151,16:07:00,16:07:00,740012548,18,0,0
22510004000153,16:17:00,16:17:00,740012548,18,0,0
22510004000155,16:27:00,16:27:00,740012548,18,0,0
22510004000157,16:37:00,16:37:00,740012548,18,0,0
22510004000159,16:47:00,16:47:00,740012548,18,0,0
22510004000161,16:57:00,16:57:00,740012548,18,0,0
22510004000163,17:07:00,17:07:00,740012548,18,0,0
22510004000165,17:17:00,17:17:00,740012548,18,0,0
22510004000015,6:57:00,6:57:00,740012548,18,0,0
22510004000017,7:12:00,7:12:00,740012548,18,0,0
22510004000013,6:41:00,6:41:00,740012548,18,0,0
22510004000011,6:26:00,6:26:00,740012548,18,0,0
22510004000007,5:56:00,5:56:00,740012548,18,0,0
22510004000009,6:11:00,6:11:00,740012548,18,0,0
22510004000005,5:25:00,5:25:00,740012548,18,0,0
22510004000189,19:16:00,19:16:00,740012548,18,0,0
22510004000502,4:39:00,4:39:00,740012548,12,0,0
22510004000504,5:09:00,5:09:00,740012548,12,0,0
22510004000506,5:39:00,5:39:00,740012548,12,0,0
22510004000508,6:09:00,6:09:00,740012548,12,0,0
22510004000702,4:39:00,4:39:00,740012548,12,0,0
22510004000704,5:09:00,5:09:00,740012548,12,0,0
22510004000706,5:39:00,5:39:00,740012548,12,0,0
22510004000708,6:09:00,6:09:00,740012548,12,0,0
22510004000002,4:38:00,4:38:00,740012548,12,0,0
22510004000004,5:08:00,5:08:00,740012548,12,0,0
22510004000006,5:38:00,5:38:00,740012548,12,0,0
22510004000172,18:17:00,18:17:00,740012548,18,0,0
22510004000174,18:27:00,18:27:00,740012548,18,0,0
22510004000176,18:37:00,18:37:00,740012548,18,0,0
22510004000178,18:47:00,18:47:00,740012548,18,0,0
22510004000180,18:57:00,18:57:00,740012548,18,0,0
22510004000182,19:07:00,19:07:00,740012548,18,0,0
22510004000184,19:17:00,19:17:00,740012548,18,0,0
22510004000186,19:32:00,19:32:00,740012548,18,0,0
22510004000188,19:47:00,19:47:00,740012548,18,0,0
22510004000190,20:02:00,20:02:00,740012548,18,0,0
22510004000192,20:17:00,20:17:00,740012548,18,0,0
22510004000194,20:32:00,20:32:00,740012548,18,0,0
22510004000196,20:47:00,20:47:00,740012548,18,0,0
22510004000198,21:02:00,21:02:00,740012548,18,0,0
22510004000200,21:17:00,21:17:00,740012548,18,0,0
22510004000202,21:32:00,21:32:00,740012548,18,0,0
22510004000204,21:47:00,21:47:00,740012548,18,0,0
22510004000206,22:02:00,22:02:00,740012548,18,0,0
22510004000208,22:20:00,22:20:00,740012548,18,0,0
22510004000210,22:35:00,22:35:00,740012548,18,0,0
22510004000212,23:00:00,23:00:00,740012548,18,0,0
22510004000214,23:20:00,23:20:00,740012548,18,0,0
22510004000216,23:35:00,23:35:00,740012548,18,0,0
22510004000220,0:20:00,0:20:00,740012548,18,0,0
22510004000224,0:45:00,0:45:00,740012548,18,0,0
22510004000228,1:40:00,1:40:00,740012548,18,0,0
22510004000232,2:20:00,2:20:00,740012548,18,0,0
22510004000010,6:30:00,6:30:00,740012548,18,0,0
22510004000218,24:00:00,24:00:00,740012548,18,0,0
22510004000008,6:15:00,6:15:00,740012548,18,0,0
22510004000812,0:44:00,0:44:00,740012548,18,0,0
22510004000814,1:39:00,1:39:00,740012548,18,0,0
22510004000816,2:19:00,2:19:00,740012548,18,0,0
22510004000510,6:34:00,6:34:00,740012548,18,0,0
22510004000512,7:06:00,7:06:00,740012548,18,0,0
22510004000514,7:36:00,7:36:00,740012548,18,0,0
22510004000516,8:06:00,8:06:00,740012548,18,0,0
22510004000518,8:36:00,8:36:00,740012548,18,0,0
22510004000520,9:06:00,9:06:00,740012548,18,0,0
22510004000522,9:36:00,9:36:00,740012548,18,0,0
22510004000586,20:19:00,20:19:00,740012548,18,0,0
22510004000588,20:39:00,20:39:00,740012548,18,0,0
22510004000590,20:59:00,20:59:00,740012548,18,0,0
22510004000592,21:19:00,21:19:00,740012548,18,0,0
22510004000594,21:39:00,21:39:00,740012548,18,0,0
22510004000596,21:59:00,21:59:00,740012548,18,0,0
22510004000598,22:19:00,22:19:00,740012548,18,0,0
22510004000600,22:39:00,22:39:00,740012548,18,0,0
22510004000602,22:59:00,22:59:00,740012548,18,0,0
22510004000604,23:19:00,23:19:00,740012548,18,0,0
22510004000606,23:39:00,23:39:00,740012548,18,0,0
22510004000608,23:59:00,23:59:00,740012548,18,0,0
22510004000710,6:34:00,6:34:00,740012548,18,0,0
22510004000712,7:06:00,7:06:00,740012548,18,0,0
22510004000714,7:36:00,7:36:00,740012548,18,0,0
22510004000716,8:06:00,8:06:00,740012548,18,0,0
22510004000718,8:36:00,8:36:00,740012548,18,0,0
22510004000720,9:06:00,9:06:00,740012548,18,0,0
22510004000722,9:36:00,9:36:00,740012548,18,0,0
22510004000786,20:19:00,20:19:00,740012548,18,0,0
22510004000788,20:39:00,20:39:00,740012548,18,0,0
22510004000790,20:59:00,20:59:00,740012548,18,0,0
22510004000792,21:19:00,21:19:00,740012548,18,0,0
22510004000794,21:39:00,21:39:00,740012548,18,0,0
22510004000796,21:59:00,21:59:00,740012548,18,0,0
22510004000798,22:19:00,22:19:00,740012548,18,0,0
22510004000800,22:39:00,22:39:00,740012548,18,0,0
22510004000802,22:59:00,22:59:00,740012548,18,0,0
22510004000804,23:19:00,23:19:00,740012548,18,0,0
22510004000806,23:39:00,23:39:00,740012548,18,0,0
22510004000808,23:59:00,23:59:00,740012548,18,0,0
22510004000810,0:19:00,0:19:00,740012548,18,0,0
22510004000610,0:19:00,0:19:00,740012548,18,0,0
22510004000612,0:44:00,0:44:00,740012548,18,0,0
22510004000614,1:39:00,1:39:00,740012548,18,0,0
22510004000616,2:19:00,2:19:00,740012548,18,0,0
22510004000524,10:05:00,10:05:00,740012548,18,0,0
22510004000724,10:05:00,10:05:00,740012548,18,0,0
22510004000526,10:21:00,10:21:00,740012548,18,0,0
22510004000528,10:41:00,10:41:00,740012548,18,0,0
22510004000530,11:01:00,11:01:00,740012548,18,0,0
22510004000532,11:21:00,11:21:00,740012548,18,0,0
22510004000534,11:41:00,11:41:00,740012548,18,0,0
22510004000568,17:21:00,17:21:00,740012548,18,0,0
22510004000570,17:41:00,17:41:00,740012548,18,0,0
22510004000572,18:01:00,18:01:00,740012548,18,0,0
22510004000574,18:21:00,18:21:00,740012548,18,0,0
22510004000576,18:41:00,18:41:00,740012548,18,0,0
22510004000578,19:01:00,19:01:00,740012548,18,0,0
22510004000580,19:21:00,19:21:00,740012548,18,0,0
22510004000582,19:41:00,19:41:00,740012548,18,0,0
22510004000726,10:21:00,10:21:00,740012548,18,0,0
22510004000728,10:41:00,10:41:00,740012548,18,0,0
22510004000730,11:01:00,11:01:00,740012548,18,0,0
22510004000732,11:21:00,11:21:00,740012548,18,0,0
22510004000734,11:41:00,11:41:00,740012548,18,0,0
22510004000768,17:21:00,17:21:00,740012548,18,0,0
22510004000770,17:41:00,17:41:00,740012548,18,0,0
22510004000772,18:01:00,18:01:00,740012548,18,0,0
22510004000774,18:21:00,18:21:00,740012548,18,0,0
22510004000776,18:41:00,18:41:00,740012548,18,0,0
22510004000778,19:01:00,19:01:00,740012548,18,0,0
22510004000780,19:21:00,19:21:00,740012548,18,0,0
22510004000782,19:41:00,19:41:00,740012548,18,0,0
22510004000536,12:01:00,12:01:00,740012548,18,0,0
22510004000736,12:01:00,12:01:00,740012548,18,0,0
22510004000538,12:22:00,12:22:00,740012548,18,0,0
22510004000540,12:42:00,12:42:00,740012548,18,0,0
22510004000542,13:02:00,13:02:00,740012548,18,0,0
22510004000544,13:22:00,13:22:00,740012548,18,0,0
22510004000546,13:42:00,13:42:00,740012548,18,0,0
22510004000548,14:02:00,14:02:00,740012548,18,0,0
22510004000550,14:22:00,14:22:00,740012548,18,0,0
22510004000552,14:42:00,14:42:00,740012548,18,0,0
22510004000554,15:02:00,15:02:00,740012548,18,0,0
22510004000556,15:22:00,15:22:00,740012548,18,0,0
22510004000558,15:42:00,15:42:00,740012548,18,0,0
22510004000560,16:02:00,16:02:00,740012548,18,0,0
22510004000562,16:22:00,16:22:00,740012548,18,0,0
22510004000564,16:42:00,16:42:00,740012548,18,0,0
22510004000738,12:22:00,12:22:00,740012548,18,0,0
22510004000740,12:42:00,12:42:00,740012548,18,0,0
22510004000742,13:02:00,13:02:00,740012548,18,0,0
22510004000744,13:22:00,13:22:00,740012548,18,0,0
22510004000746,13:42:00,13:42:00,740012548,18,0,0
22510004000748,14:02:00,14:02:00,740012548,18,0,0
22510004000750,14:22:00,14:22:00,740012548,18,0,0
22510004000752,14:42:00,14:42:00,740012548,18,0,0
22510004000754,15:02:00,15:02:00,740012548,18,0,0
22510004000756,15:22:00,15:22:00,740012548,18,0,0
22510004000758,15:42:00,15:42:00,740012548,18,0,0
22510004000760,16:02:00,16:02:00,740012548,18,0,0
22510004000762,16:22:00,16:22:00,740012548,18,0,0
22510004000764,16:42:00,16:42:00,740012548,18,0,0
22510004000566,17:02:00,17:02:00,740012548,18,0,0
22510004000766,17:02:00,17:02:00,740012548,18,0,0
22510004000584,20:01:00,20:01:00,740012548,18,0,0
22510004000784,20:01:00,20:01:00,740012548,18,0,0
22510004000042,9:28:00,9:28:00,740012548,18,0,0
22510004000044,9:38:00,9:38:00,740012548,18,0,0
22510004000046,9:48:00,9:48:00,740012548,18,0,0
22510004000048,9:58:00,9:58:00,740012548,18,0,0
22510004000050,10:08:00,10:08:00,740012548,18,0,0
22510004000052,10:18:00,10:18:00,740012548,18,0,0
22510004000054,10:28:00,10:28:00,740012548,18,0,0
22510004000056,10:38:00,10:38:00,740012548,18,0,0
22510004000058,10:48:00,10:48:00,740012548,18,0,0
22510004000060,10:58:00,10:58:00,740012548,18,0,0
22510004000062,11:08:00,11:08:00,740012548,18,0,0
22510004000064,11:18:00,11:18:00,740012548,18,0,0
22510004000066,11:28:00,11:28:00,740012548,18,0,0
22510004000068,11:38:00,11:38:00,740012548,18,0,0
22510004000070,11:48:00,11:48:00,740012548,18,0,0
22510004000072,11:58:00,11:58:00,740012548,18,0,0
22510004000074,12:05:00,12:05:00,740012548,18,0,0
22510004000076,12:15:00,12:15:00,740012548,18,0,0
22510004000078,12:25:00,12:25:00,740012548,18,0,0
22510004000080,12:35:00,12:35:00,740012548,18,0,0
22510004000082,12:45:00,12:45:00,740012548,18,0,0
22510004000084,12:55:00,12:55:00,740012548,18,0,0
22510004000086,13:05:00,13:05:00,740012548,18,0,0
22510004000088,13:15:00,13:15:00,740012548,18,0,0
22510004000090,13:25:00,13:25:00,740012548,18,0,0
22510004000092,13:35:00,13:35:00,740012548,18,0,0
22510004000016,7:19:00,7:19:00,740012548,18,0,0
22510004000018,7:29:00,7:29:00,740012548,18,0,0
22510004000020,7:39:00,7:39:00,740012548,18,0,0
22510004000022,7:49:00,7:49:00,740012548,18,0,0
22510004000024,7:59:00,7:59:00,740012548,18,0,0
22510004000026,8:09:00,8:09:00,740012548,18,0,0
22510004000028,8:19:00,8:19:00,740012548,18,0,0
22510004000030,8:29:00,8:29:00,740012548,18,0,0
22510004000032,8:39:00,8:39:00,740012548,18,0,0
22510004000034,8:49:00,8:49:00,740012548,18,0,0
22510004000036,8:59:00,8:59:00,740012548,18,0,0
22510004000100,14:17:00,14:17:00,740012548,18,0,0
22510004000102,14:27:00,14:27:00,740012548,18,0,0
22510004000104,14:37:00,14:37:00,740012548,18,0,0
22510004000108,14:46:00,14:46:00,740012548,18,0,0
22510004000112,14:56:00,14:56:00,740012548,18,0,0
22510004000116,15:06:00,15:06:00,740012548,18,0,0
22510004000120,15:16:00,15:16:00,740012548,18,0,0
22510004000124,15:26:00,15:26:00,740012548,18,0,0
22510004000128,15:36:00,15:36:00,740012548,18,0,0
22510004000132,15:46:00,15:46:00,740012548,18,0,0
22510004000136,15:56:00,15:56:00,740012548,18,0,0
22510004000140,16:06:00,16:06:00,740012548,18,0,0
22510004000144,16:16:00,16:16:00,740012548,18,0,0
22510004000148,16:26:00,16:26:00,740012548,18,0,0
22510004000152,16:36:00,16:36:00,740012548,18,0,0
22510004000154,16:46:00,16:46:00,740012548,18,0,0
22510004000156,16:56:00,16:56:00,740012548,18,0,0
22510004000158,17:06:00,17:06:00,740012548,18,0,0
22510004000160,17:16:00,17:16:00,740012548,18,0,0
22510004000162,17:26:00,17:26:00,740012548,18,0,0
22510004000164,17:36:00,17:36:00,740012548,18,0,0
22510004000040,9:19:00,9:19:00,740012548,18,0,0
22510004000038,9:10:00,9:10:00,740012548,18,0,0
22510004000014,7:00:00,7:00:00,740012548,18,0,0
22510004000012,6:45:00,6:45:00,740012548,18,0,0
22510004000098,14:05:00,14:05:00,740012548,18,0,0
22510004000094,13:45:00,13:45:00,740012548,18,0,0
22510004000096,13:55:00,13:55:00,740012548,18,0,0
22510004000170,18:07:00,18:07:00,740012548,18,0,0
22510004000166,17:46:00,17:46:00,740012548,18,0,0
22510004000168,17:58:00,17:58:00,740012548,18,0,0
22510004000106,14:41:00,14:41:00,740012548,9,0,0
22510004000110,14:51:00,14:51:00,740012548,9,0,0
22510004000114,15:01:00,15:01:00,740012548,9,0,0
22510004000118,15:11:00,15:11:00,740012548,9,0,0
22510004000122,15:21:00,15:21:00,740012548,9,0,0
22510004000126,15:31:00,15:31:00,740012548,9,0,0
22510004000130,15:41:00,15:41:00,740012548,9,0,0
22510004000134,15:51:00,15:51:00,740012548,9,0,0
22510004000138,16:01:00,16:01:00,740012548,9,0,0
22510004000142,16:11:00,16:11:00,740012548,9,0,0
22510004000146,16:21:00,16:21:00,740012548,9,0,0
22510004000150,16:31:00,16:31:00,740012548,9,0,0
22510012000101,17:21:00,17:21:00,740012548,23,0,0
22510012000103,17:31:00,17:31:00,740012548,23,0,0
22510012000105,17:41:00,17:41:00,740012548,23,0,0
22510012000107,17:51:00,17:51:00,740012548,23,0,0
22510012000109,18:01:00,18:01:00,740012548,23,0,0
22510012000099,17:11:00,17:11:00,740012548,23,0,0
22510012000045,10:32:00,10:32:00,740012548,23,0,0
22510012000047,10:52:00,10:52:00,740012548,23,0,0
22510012000049,11:12:00,11:12:00,740012548,23,0,0
22510012000051,11:32:00,11:32:00,740012548,23,0,0
22510012000053,11:52:00,11:52:00,740012548,23,0,0
22510012000055,12:12:00,12:12:00,740012548,23,0,0
22510012000057,12:32:00,12:32:00,740012548,23,0,0
22510012000059,12:52:00,12:52:00,740012548,23,0,0
22510012000061,13:12:00,13:12:00,740012548,23,0,0
22510012000063,13:32:00,13:32:00,740012548,23,0,0
22510012000065,13:52:00,13:52:00,740012548,23,0,0
22510012000067,14:12:00,14:12:00,740012548,23,0,0
22510012000069,14:32:00,14:32:00,740012548,23,0,0
22510012000071,14:52:00,14:52:00,740012548,23,0,0
22510012000073,15:02:00,15:02:00,740012548,23,0,0
22510012000075,15:12:00,15:12:00,740012548,23,0,0
22510012000077,15:22:00,15:22:00,740012548,23,0,0
22510012000079,15:32:00,15:32:00,740012548,23,0,0
22510012000081,15:42:00,15:42:00,740012548,23,0,0
22510012000083,15:52:00,15:52:00,740012548,23,0,0
22510012000085,16:02:00,16:02:00,740012548,23,0,0
22510012000011,7:33:00,7:33:00,740012548,23,0,0
22510012000013,7:43:00,7:43:00,740012548,23,0,0
22510012000015,7:53:00,7:53:00,740012548,23,0,0
22510012000017,8:06:00,8:06:00,740012548,23,0,0
22510012000019,8:16:00,8:16:00,740012548,23,0,0
22510012000021,8:26:00,8:26:00,740012548,23,0,0
22510012000023,8:36:00,8:36:00,740012548,23,0,0
22510012000025,8:46:00,8:46:00,740012548,23,0,0
22510012000027,8:56:00,8:56:00,740012548,23,0,0
22510012000029,9:03:00,9:03:00,740012548,23,0,0
22510012000031,9:13:00,9:13:00,740012548,23,0,0
22510012000033,9:23:00,9:23:00,740012548,23,0,0
22510012000035,9:33:00,9:33:00,740012548,23,0,0
22510012000037,9:43:00,9:43:00,740012548,23,0,0
22510012000039,9:53:00,9:53:00,740012548,23,0,0
22510012000041,10:03:00,10:03:00,740012548,23,0,0
22510012000043,10:13:00,10:13:00,740012548,23,0,0
22510012000087,16:13:00,16:13:00,740012548,23,0,0
22510012000089,16:23:00,16:23:00,740012548,23,0,0
22510012000091,16:33:00,16:33:00,740012548,23,0,0
22510012000093,16:43:00,16:43:00,740012548,23,0,0
22510012000095,16:53:00,16:53:00,740012548,23,0,0
22510012000097,17:03:00,17:03:00,740012548,23,0,0
22510012000009,7:19:00,7:19:00,740012548,23,0,0
22510012000001,6:15:00,6:15:00,740012548,23,0,0
22510012000003,6:30:00,6:30:00,740012548,23,0,0
22510012000005,6:45:00,6:45:00,740012548,23,0,0
22510012000007,7:00:00,7:00:00,740012548,23,0,0
22510012000113,18:19:00,18:19:00,740012548,23,0,0
22510012000115,18:29:00,18:29:00,740012548,23,0,0
22510012000117,18:39:00,18:39:00,740012548,23,0,0
22510012000111,18:10:00,18:10:00,740012548,23,0,0
22510012000100,17:05:00,17:05:00,740012548,2,0,0
22510012000102,17:15:00,17:15:00,740012548,2,0,0
22510012000104,17:25:00,17:25:00,740012548,2,0,0
22510012000106,17:35:00,17:35:00,740012548,2,0,0
22510012000108,17:45:00,17:45:00,740012548,2,0,0
22510012000110,17:55:00,17:55:00,740012548,2,0,0
22510012000010,7:11:00,7:11:00,740012548,2,0,0
22510012000012,7:25:00,7:25:00,740012548,2,0,0
22510012000014,7:35:00,7:35:00,740012548,2,0,0
22510012000016,7:41:00,7:41:00,740012548,2,0,0
22510012000018,7:55:00,7:55:00,740012548,2,0,0
22510012000020,8:01:00,8:01:00,740012548,2,0,0
22510012000022,8:11:00,8:11:00,740012548,2,0,0
22510012000024,8:21:00,8:21:00,740012548,2,0,0
22510012000026,8:31:00,8:31:00,740012548,2,0,0
22510012000028,8:41:00,8:41:00,740012548,2,0,0
22510012000030,8:51:00,8:51:00,740012548,2,0,0
22510012000032,9:01:00,9:01:00,740012548,2,0,0
22510012000034,9:15:00,9:15:00,740012548,2,0,0
22510012000036,9:25:00,9:25:00,740012548,2,0,0
22510012000038,9:35:00,9:35:00,740012548,2,0,0
22510012000040,9:55:00,9:55:00,740012548,2,0,0
22510012000042,10:10:00,10:10:00,740012548,2,0,0
22510012000044,10:30:00,10:30:00,740012548,2,0,0
22510012000046,10:50:00,10:50:00,740012548,2,0,0
22510012000048,11:10:00,11:10:00,740012548,2,0,0
22510012000050,11:30:00,11:30:00,740012548,2,0,0
22510012000052,11:50:00,11:50:00,740012548,2,0,0
22510012000008,7:01:00,7:01:00,740012548,2,0,0
22510012000066,14:11:00,14:11:00,740012548,2,0,0
22510012000068,14:26:00,14:26:00,740012548,2,0,0
22510012000070,14:36:00,14:36:00,740012548,2,0,0
22510012000072,14:46:00,14:46:00,740012548,2,0,0
22510012000074,14:56:00,14:56:00,740012548,2,0,0
22510012000076,15:06:00,15:06:00,740012548,2,0,0
22510012000078,15:16:00,15:16:00,740012548,2,0,0
22510012000080,15:26:00,15:26:00,740012548,2,0,0
22510012000082,15:36:00,15:36:00,740012548,2,0,0
22510012000084,15:46:00,15:46:00,740012548,2,0,0
22510012000086,15:56:00,15:56:00,740012548,2,0,0
22510012000054,12:10:00,12:10:00,740012548,2,0,0
22510012000056,12:30:00,12:30:00,740012548,2,0,0
22510012000058,12:50:00,12:50:00,740012548,2,0,0
22510012000060,13:10:00,13:10:00,740012548,2,0,0
22510012000062,13:30:00,13:30:00,740012548,2,0,0
22510012000096,16:46:00,16:46:00,740012548,2,0,0
22510012000098,16:56:00,16:56:00,740012548,2,0,0
22510012000064,13:50:00,13:50:00,740012548,2,0,0
22510012000088,16:06:00,16:06:00,740012548,2,0,0
22510012000090,16:16:00,16:16:00,740012548,2,0,0
22510012000092,16:26:00,16:26:00,740012548,2,0,0
22510012000094,16:36:00,16:36:00,740012548,2,0,0
22510012000004,6:44:00,6:44:00,740012548,2,0,0
22510012000006,6:50:00,6:50:00,740012548,2,0,0
22510012000002,6:34:00,6:34:00,740012548,2,0,0
22510012000112,18:05:00,18:05:00,740012548,2,0,0
22510012000114,18:15:00,18:15:00,740012548,2,0,0
22510012000116,18:25:00,18:25:00,740012548,2,0,0
22510012000118,18:50:00,18:50:00,740012548,2,0,0